0000000000000000000000001111111111111111111111111111111111000000000000000000000,
1111111111111111111111110000000000000000000000000000000000110000000000000000000,
0000000000000000000000110000000000000000000000000000000000110000000000000000000,
0000000000000000000011000000111111111111111111111111110000001100000000000000000,
0000000000000000000011000000111111111111111111111111110000001100000000000000000,
0000000000000000000011000011000000000000000000000000001100001100000000000000000,
0000000000000000000011000011000000000011000011000000001100001100000000000000000,
1111111111111111111111001100000000000011000011000000000011001100000000000000000,
0000000000000000000011001100000000000000000000000000000011001100000000000000000,
0000000000000000000011001100000011000000000000111100110011001100001111000000000,
0000000000000000000011001100000011000000000000111100110011001100001111000000000,
0000000000000000000011001100000000000000000011000011000011001111110000110000000,
0000000000000000000011001100110000000000000011000011000011001111110000110000000,
1111111111111111111111001100110000000000000011000000110011001111000000110000000,
0000000000000000000011001100000000000110000011000000110011001111000000110000000,
0000000000000000000011001100000000000110000011000000001111111100000000110000000,
0000000000000000000011001100000110000000000011000000001111111100000000110000000,
0000000000000000000011001100000110000001100011000000000000000000000000110000000,
0000000000000000000011001100000000000001100011000000000000000000000000110000000,
1111111111111111111111001100000000000000001100000000000000000000000000001100000,
0000000000000000001111001100110000000000001100000000000000000000000000001100000,
0000000000111111111111001100110000000000001100000010110000000000101100001100000,
0000000000111111111111001100000000110000001100000000110000000000001100001100000,
0000000011000000000011001100000000110000001100000011110000001100111100001100000,
0000000011000000000011001100000000000000001100000011110000001100111100001100000,
1111111100000000111111001100110000000000001100111100000000000000000011111100000,
0000001100000000111111001100110000000110001100100100000000000000000010011100000,
0000000011111111110011000011000000000110001100100100110000110000110010011100000,
0000000011111111110011000011000000000000001100111100110000110000110011111100000,
0000000000000000000011000000111111111111111111000000111111111111110000110000000,
0000000000000000000011000000111111111111111111000000111111111111110000110000000,
1111111111111111111111110000000000000000000000110000000000000000000011000000000,
0000000000000000000011110000000000000000000000110000000000000000000011000000000,
0000000000000000000011001111111111111111111111111111111111111111111100000000000,
0000000000000000000011001111111111111111111111111111111111111111111100000000000,
0000000000000000000011000011001100001100000000000011000011001100001100000000000,
1111111111111111111111000011001100001100000000000011000011001100001100000000000,
0000000000000000000011111100000011111100000000000000111111000011111100000000000,
0000000000000000000011111100000011111100000000000000111111000011111100000000000