0000000000000000000000111100000000000001111000000000000000000000000000000000000,
0000000000000000000001111110000111000011111100000000000000000000000000000000000,
0000000000000000000001111110111000111011111100000000000000000000000000000000000,
0000000000000000000001111111000000000111111100000000000000000000000000000000000,
0000000000000000000001111100000000000001111100000000000000000000000000000000000,
0000000000000000000000111000111101111000111000000000000000000000000000000000000,
0000000000000000000000010001010101010100010000000000000000000000000000000000000,
0000000000000000000000010011001000100110010000000000000000000000000000000000000,
0000000000000000000000010011110000011110010000000000000000000000000000000000000,
0000000000000000000000011000000111000000110000000000000000000000000000000000000,
0000000000000000000000001000001111100000100000000000000000000000000000000000000,
0000000000000000000000000100000111000001000000000000000000000000000000000000000,
0000000000000000000000000010000010000010000000000000000000000000000000000000000,
0000000000000000000000000010010101010010000000000000000000000000000000000000000,
0000000000000000000000000111001000100111000000000000000000000000000000000000000,
0000000000000000000000001111100000001111100000000000000000000000000000000000000,
0000000000000000000000011110011000110011110000000000000000000000000000000000000,
0000000000000000000000111000000111000000111000000000000000000000000000000000000,
0000000000000000000001111000000000000000111100000000000000000000000000000000000,
0000000000000000000001111100000000000001111100000000000000000000000000000000000,
0000000000000000000001111110000000000011111100000000000000000000000000000000000,
0000000000000000000001111111100000001111111100000000000000000000000000000000000,
0000000000000000000001111111111000111111111100000000000000000000000000000000000,
0000000000000000000010111111111101111111111010000000000000000000000000000000000,
0000000000000000000010001111111101111111100010000000000000000000000000000000000,
0000000000000000000010000111111000111111000010000000000000000000000000000000000,
0000000000000000000010000011110000011110000010000000000000000000000000000000000,
0000000000000000000010000000000000000000000010000000000000000000000000000000000,
0000000000000000000010000000000000000000000010000000000000000000000000000000000,
0000000000000000000001000000000000000000000100000000000000000000000000000000000,
0000000000000000000001000000000000000000000100000000000000000000000000000000000,
0000000000000000000001000000000000000000000100000000000000000000000000000000000,
0000000000000000000000100000000010000000001000000000000000000000000000000000000,
0000000000000000000000100000000000000000001000000000000000000000000000000000000,
0000000000000000000000010000000000000000010000000000000000000000000000000000000,
0000000000000000000000001111000000000111100000000000000000000000000000000000000,
0000000000000000000000011111100000001111110000000000000000000000000000000000000,
0000000000000000000000111111111111111111111000000000000000000000000000000000000,
0000000000000000000000111111110000011111111000000000000000000000000000000000000